image: outdoor1.pgm
resolution: 0.050000
origin: [-7.491273, -10.006357, 0.000000]
negate: 0
occupied_thresh: 0.65
free_thresh: 0.196

