image: 11111.pgm
resolution: 0.010000
origin: [-12.200000, -12.520000, 0.000000]
negate: 0
occupied_thresh: 0.65
free_thresh: 0.196

