image: /home/vinh/Desktop/phong.pgm
resolution: 0.050000
origin: [-3.988001, -3.058031, 0.000000]
negate: 0
occupied_thresh: 0.65
free_thresh: 0.196

